0.7209270000
0.0000000000
0.0000000000
0.0000000000
0.4660415947
0.0000000000
0.0000000000
0.0000000000
0.2223268300
0.0000000000
0.0000000000
0.0000000000
0.6398106217
0.0000000000
0.0000000000
0.0000000000
0.5020316839
0.0000000000
0.0000000000
0.0000000000
0.7605522871
0.0000000000
0.0000000000
0.0000000000
0.3710006177
0.0000000000
0.0000000000
0.0000000000
0.9811627865
0.0000000000
0.0000000000
0.0000000000
0.0642967895
0.0000000000
0.0000000000
0.0000000000
0.6012861729
0.0000000000
0.0000000000
0.0000000000
0.9161005616
0.0000000000
0.0000000000
0.0000000000
0.3462044299
0.0000000000
0.0000000000
0.0000000000
0.8502964973
0.0000000000
0.0000000000
0.0000000000
0.1895823032
0.0000000000
0.0000000000
0.0000000000
0.3474506438
0.0000000000
0.0000000000
0.0000000000
0.3106697500
0.0000000000
0.0000000000
0.0000000000
0.5436238050
0.0000000000
0.0000000000
0.0000000000
0.5872747302
0.0000000000
0.0000000000
0.0000000000
0.5351337194
0.0000000000
0.0000000000
0.0000000000
0.0821494684
0.0000000000
0.0000000000
0.0000000000
0.1914448589
0.0000000000
0.0000000000
0.0000000000
0.4650888145
0.0000000000
0.0000000000
0.0000000000
0.6080605984
0.0000000000
0.0000000000
0.0000000000
0.2674291730
0.0000000000
0.0000000000
0.0000000000
0.1831025034
0.0000000000
0.0000000000
0.0000000000
0.8226751089
0.0000000000
0.0000000000
0.0000000000
0.1574327797
0.0000000000
0.0000000000
0.0000000000
0.6956316829
0.0000000000
0.0000000000
0.0000000000
0.3812702298
0.0000000000
0.0000000000
0.0000000000
0.1236970723
0.0000000000
0.0000000000
0.0000000000
0.0961409435
0.0000000000
0.0000000000
0.0000000000
0.7881208658
0.0000000000
0.0000000000
0.0000000000
0.0866946876
0.0000000000
0.0000000000
0.0000000000
0.6676530242
0.0000000000
0.0000000000
0.0000000000
0.6744794846
0.0000000000
0.0000000000
0.0000000000
0.8753941059
0.0000000000
0.0000000000
0.0000000000
0.8465262055
0.0000000000
0.0000000000
0.0000000000
0.8246506453
0.0000000000
0.0000000000
0.0000000000
0.0446543917
0.0000000000
0.0000000000
0.0000000000
0.4517836869
0.0000000000
0.0000000000
0.0000000000
0.9472149611
0.0000000000
0.0000000000
0.0000000000
0.8049491644
0.0000000000
0.0000000000
0.0000000000
0.5410046577
0.0000000000
0.0000000000
0.0000000000
0.7509751916
0.0000000000
0.0000000000
0.0000000000
0.6991866231
0.0000000000
0.0000000000
0.0000000000
0.7271440625
0.0000000000
0.0000000000
0.0000000000
0.8049352169
0.0000000000
0.0000000000
0.0000000000
0.4359491467
0.0000000000
0.0000000000
0.0000000000
0.0586919300
0.0000000000
0.0000000000
0.0000000000
0.0730760023
0.0000000000
0.0000000000
0.0000000000
0.4091331959
0.0000000000
0.0000000000
0.0000000000
0.4027263522
0.0000000000
0.0000000000
0.0000000000
0.1647222787
0.0000000000
0.0000000000
0.0000000000
0.8645424843
0.0000000000
0.0000000000
0.0000000000
0.1477517337
0.0000000000
0.0000000000
0.0000000000
0.9083046913
0.0000000000
0.0000000000
0.0000000000
0.5329693556
0.0000000000
0.0000000000
0.0000000000
0.2309067100
0.0000000000
0.0000000000
0.0000000000
0.9877260923
0.0000000000
0.0000000000
0.0000000000
0.6722419858
0.0000000000
0.0000000000
0.0000000000
0.9809055924
0.0000000000
0.0000000000
0.0000000000
0.6578084230
0.0000000000
0.0000000000
0.0000000000
0.6011576653
0.0000000000
0.0000000000
0.0000000000
0.2960639894
0.0000000000
0.0000000000
0.0000000000
0.1705748439
0.0000000000
0.0000000000
